# E  fit_curve
101 0.01581002581
101.145 0.01599491153
101.29 0.0161830575
101.435 0.01637454078
101.58 0.01656944072
101.725 0.01676783903
101.87 0.01696981991
102.015 0.01717547006
102.16 0.01738487886
102.305 0.01759813838
102.45 0.01781534358
102.595 0.01803659232
102.74 0.01826198552
102.885 0.01849162728
103.03 0.01872562498
103.175 0.0189640894
103.32 0.01920713488
103.465 0.01945487943
103.61 0.01970744487
103.755 0.01996495703
103.9 0.02022754581
104.045 0.02049534546
104.19 0.02076849464
104.335 0.02104713669
104.48 0.02133141976
104.625 0.02162149703
104.77 0.02191752691
104.915 0.02221967325
105.06 0.02252810558
105.205 0.02284299933
105.35 0.02316453611
105.495 0.02349290392
105.64 0.02382829747
105.785 0.02417091845
105.93 0.02452097582
106.075 0.02487868617
106.22 0.02524427399
106.365 0.02561797208
106.51 0.02600002187
106.655 0.02639067387
106.8 0.026790188
106.945 0.02719883409
107.09 0.02761689231
107.235 0.02804465363
107.38 0.02848242034
107.525 0.0289305066
107.67 0.02938923896
107.815 0.029858957
107.96 0.03034001391
108.105 0.03083277718
108.25 0.03133762931
108.395 0.03185496849
108.54 0.03238520948
108.685 0.03292878432
108.83 0.03348614331
108.975 0.03405775587
109.12 0.03464411157
109.265 0.03524572114
109.41 0.03586311758
109.555 0.03649685736
109.7 0.03714752165
109.845 0.03781571764
109.99 0.03850207995
110.135 0.03920727215
110.28 0.03993198834
110.425 0.04067695484
110.57 0.04144293201
110.715 0.04223071619
110.86 0.04304114173
111.005 0.04387508321
111.15 0.0447334578
111.295 0.0456172277
111.44 0.0465274029
111.585 0.047465044
111.73 0.04843126529
111.875 0.04942723804
112.02 0.05045419404
112.165 0.05151342935
112.31 0.05260630839
112.455 0.0537342683
112.6 0.05489882359
112.745 0.05610157126
112.89 0.05734419616
113.035 0.0586284769
113.18 0.05995629212
113.325 0.06132962733
113.47 0.06275058228
113.615 0.06422137887
113.76 0.06574436983
113.905 0.06732204799
114.05 0.06895705639
114.195 0.07065219929
114.34 0.07241045402
114.485 0.07423498398
114.63 0.07612915268
114.775 0.07809653911
114.92 0.08014095445
115.065 0.08226646035
115.21 0.08447738882
115.355 0.08677836414
115.5 0.08917432666
115.645 0.09167055906
115.79 0.09427271508
115.935 0.09698685112
116.08 0.09981946102
116.225 0.1027775144
116.37 0.1058684988
116.515 0.1091004665
116.66 0.1124820864
116.805 0.1160227007
116.95 0.1197323888
117.095 0.1236220378
117.24 0.127703421
117.385 0.1319892853
117.53 0.1364934493
117.675 0.141230912
117.82 0.1462179758
117.965 0.1514723837
118.11 0.1570134735
118.255 0.1628623526
118.4 0.1690420938
118.545 0.1755779578
118.69 0.1824976449
118.835 0.1898315814
118.98 0.1976132449
119.125 0.2058795357
119.27 0.2146712022
119.415 0.2240333274
119.56 0.2340158888
119.705 0.2446744036
119.85 0.256070674
119.995 0.2682736501
120.14 0.2813604334
120.285 0.295417446
120.43 0.3105417965
120.575 0.326842883
120.72 0.3444442772
120.865 0.3634859498
121.01 0.3841269057
121.155 0.4065483158
121.3 0.4309572545
121.445 0.4575911737
121.59 0.4867232818
121.735 0.5186690345
121.88 0.5537939981
122.025 0.5925234137
122.17 0.6353538764
122.315 0.6828676524
122.46 0.7357502959
122.605 0.7948124018
122.75 0.8610165516
122.895 0.9355107756
123.04 1.019670179
123.185 1.115148751
123.33 1.223943742
123.475 1.34847534
123.62 1.491684401
123.765 1.657150473
123.91 1.849230409
124.055 2.073213148
124.2 2.335476038
124.345 2.643607547
124.49 3.00642204
124.635 3.433721566
124.78 3.935540662
124.925 4.520432595
125.07 5.19215057
125.215 5.944007755
125.36 6.750714048
125.505 7.559385749
125.65 8.285219292
125.795 8.821030975
125.94 9.066874961
126.085 8.970595718
126.23 8.553103001
126.375 7.897925274
126.52 7.113791636
126.665 6.297781465
126.81 5.51700636
126.955 4.807993969
127.1 4.184559826
127.245 3.64673156
127.39 3.187554446
127.535 2.797361714
127.68 2.46611051
127.825 2.184495706
127.97 1.944375826
128.115 1.738846917
128.26 1.562155287
128.405 1.409549994
128.55 1.277124663
128.695 1.161670715
128.84 1.060550047
128.985 0.9715884927
129.13 0.892988465
129.275 0.8232581328
129.42 0.7611543493
129.565 0.7056367782
129.71 0.6558310301
129.855 0.6109990065
130 0.5705149859
130.145 0.5338462864
130.29 0.5005375746
130.435 0.4701980876
130.58 0.4424911868
130.725 0.4171257843
130.87 0.3938492791
131.015 0.3724417127
131.16 0.3527109162
131.305 0.3344884641
131.45 0.3176262882
131.595 0.3019938339
131.74 0.287475662
131.885 0.2739694217
132.03 0.2613841283
132.175 0.2496386977
132.32 0.2386606941
132.465 0.2283852564
132.61 0.2187541758
132.755 0.2097151007
132.9 0.2012208489
133.045 0.193228812
133.19 0.1857004373
133.335 0.1786007765
133.48 0.1718980915
133.625 0.1655635094
133.77 0.1595707194
133.915 0.1538957064
134.06 0.1485165163
134.205 0.1434130484
134.35 0.1385668718
134.495 0.1339610627
134.64 0.1295800592
134.785 0.125409533
134.93 0.1214362741
135.075 0.1176480885
135.22 0.1140337057
135.365 0.110582697
135.51 0.1072854011
135.655 0.1041328576
135.8 0.1011167473
135.945 0.09822933787
136.09 0.09546343525
136.235 0.09281233936
136.38 0.09026980409
136.525 0.08783000101
136.67 0.08548748644
136.815 0.08323717142
136.96 0.08107429445
137.105 0.07899439657
137.25 0.07699329868
137.395 0.07506708075
137.54 0.07321206286
137.685 0.07142478782
137.83 0.06970200521
137.975 0.06804065675
138.12 0.06643786287
138.265 0.06489091038
138.41 0.06339724104
138.555 0.06195444114
138.7 0.0605602318
138.845 0.05921246006
138.99 0.05790909063
139.135 0.05664819831
139.28 0.05542796088
139.425 0.05424665262
139.57 0.05310263822
139.715 0.05199436721
139.86 0.05092036868
140.005 0.0498792465
140.15 0.04886967477
140.295 0.04789039365
140.44 0.04694020547
140.585 0.04601797105
140.73 0.04512260635
140.875 0.04425307927
141.02 0.04340840675
141.165 0.04258765193
141.31 0.04178992164
141.455 0.04101436394
141.6 0.04026016588
141.745 0.03952655137
141.89 0.03881277921
142.035 0.03811814121
142.18 0.03744196046
142.325 0.03678358967
142.47 0.03614240964
142.615 0.03551782784
142.76 0.03490927698
142.905 0.0343162138
143.05 0.0337381178
143.195 0.03317449018
143.34 0.03262485268
143.485 0.03208874664
143.63 0.03156573201
143.775 0.03105538648
143.92 0.03055730459
144.065 0.03007109697
144.21 0.02959638957
144.355 0.02913282292
144.5 0.02868005149
144.645 0.028237743
144.79 0.02780557788
144.935 0.02738324863
145.08 0.02697045932
145.225 0.02656692504
145.37 0.02617237144
145.515 0.02578653424
145.66 0.02540915881
145.805 0.02503999975
145.95 0.02467882046
146.095 0.02432539281
146.24 0.02397949674
146.385 0.02364091996
146.53 0.02330945757
146.675 0.02298491182
146.82 0.02266709174
146.965 0.02235581293
147.11 0.02205089725
147.255 0.02175217258
147.4 0.02145947257
147.545 0.02117263643
147.69 0.02089150868
147.835 0.02061593896
147.98 0.02034578182
148.125 0.02008089655
148.27 0.01982114696
148.415 0.01956640123
148.56 0.01931653176
148.705 0.01907141496
148.85 0.01883093114
148.995 0.01859496436
149.14 0.01836340228
149.285 0.018136136
149.43 0.01791306001
149.575 0.01769407198
149.72 0.0174790727
149.865 0.01726796594
150.01 0.01706065836
150.155 0.0168570594
150.3 0.01665708117
150.445 0.01646063839
150.59 0.01626764825
150.735 0.01607803036
150.88 0.01589170664
151.025 0.01570860129
151.17 0.01552864065
151.315 0.01535175315
151.46 0.01517786926
151.605 0.01500692139
151.75 0.01483884386
151.895 0.01467357278
152.04 0.01451104607
152.185 0.01435120333
152.33 0.01419398581
152.475 0.01403933637
152.62 0.01388719941
152.765 0.01373752082
152.91 0.01359024795
153.055 0.01344532954
153.2 0.0133027157
153.345 0.01316235784
153.49 0.01302420866
153.635 0.01288822207
153.78 0.01275435319
153.925 0.0126225583
154.07 0.0124927948
154.215 0.01236502116
154.36 0.01223919694
154.505 0.01211528269
154.65 0.01199323997
154.795 0.0118730313
154.94 0.01175462011
155.085 0.01163797078
155.23 0.01152304854
155.375 0.01140981946
155.52 0.01129825047
155.665 0.01118830929
155.81 0.01107996441
155.955 0.0109731851
156.1 0.01086794134
156.245 0.01076420385
156.39 0.01066194403
156.535 0.01056113395
156.68 0.01046174636
156.825 0.01036375463
156.97 0.01026713274
157.115 0.0101718553
157.26 0.01007789749
157.405 0.009985235054
157.55 0.0098938443
157.695 0.009803702073
157.84 0.009714785742
157.985 0.009627073186
158.13 0.009540542781
158.275 0.009455173386
158.42 0.009370944331
158.565 0.009287835402
158.71 0.009205826833
158.855 0.009124899291
159 0.009045033864
