c0 = 4.95866
c1 = -0.170624
dc0 = 0.0354019
dc1 = 0.00715662
a = 142.404
lambda = 0.170624
