-3 -0.9999778948511022
-2.98 -0.9999749348707967
-2.96 -0.9999716002680854
-2.94 -0.999967846631437
-2.92 -0.9999636246801925
-2.9 -0.9999588797803969
-2.88 -0.9999535514183966
-2.86 -0.9999475726291855
-2.84 -0.9999408693763372
-2.82 -0.9999333598802206
-2.8 -0.9999249538910548
-2.78 -0.9999155519032228
-2.76 -0.99990504430713
-2.74 -0.9998933104747689
-2.72 -0.9998802177750318
-2.7 -0.9998656205147041
-2.68 -0.9998493588009758
-2.66 -0.9998312573212198
-2.64 -0.9998111240357203
-2.62 -0.9997887487789822
-2.6 -0.9997639017652199
-2.58 -0.999736331993617
-2.56 -0.9997057655489615
-2.54 -0.9996719037933073
-2.52 -0.9996344214443871
-2.5 -0.999592964536606
-2.48 -0.9995471482605943
-2.46 -0.9994965546774746
-2.44 -0.9994407303042278
-2.419999999999999 -0.9993791835668124
-2.399999999999999 -0.9993113821180052
-2.379999999999999 -0.9992367500173053
-2.359999999999999 -0.9991546647706629
-2.339999999999999 -0.9990644542282742
-2.319999999999999 -0.9989653933392182
-2.299999999999999 -0.9988567007623159
-2.279999999999999 -0.9987375353332459
-2.259999999999999 -0.9986069923886834
-2.239999999999999 -0.9984640999490197
-2.219999999999999 -0.9983078147620802
-2.199999999999999 -0.9981370182111882
-2.179999999999999 -0.9979505120919199
-2.159999999999999 -0.9977470142629609
-2.139999999999999 -0.9975251541776092
-2.119999999999999 -0.9972834683036711
-2.099999999999999 -0.997020395440758
-2.079999999999999 -0.9967342719453246
-2.059999999999999 -0.9964233268751677
-2.039999999999999 -0.9960856770665508
-2.019999999999999 -0.995719322158609
-1.999999999999999 -0.9953221395812188
-1.979999999999999 -0.9948918795240969
-1.959999999999999 -0.9944261599064899
-1.939999999999999 -0.9939224613684468
-1.919999999999999 -0.9933781223063013
-1.899999999999999 -0.9927903339766407
-1.879999999999999 -0.9921561356946693
-1.859999999999999 -0.9914724101544968
-1.839999999999999 -0.9907358789004707
-1.819999999999999 -0.9899430979802147
-1.799999999999999 -0.9890904538115263
-1.779999999999999 -0.9881741592967015
-1.759999999999999 -0.987190250219187
-1.739999999999999 -0.986134581958689
-1.719999999999999 -0.9850028265619774
-1.699999999999999 -0.9837904702076062
-1.679999999999999 -0.9824928111035953
-1.659999999999999 -0.9811049578577808
-1.639999999999999 -0.9796218283610234
-1.619999999999999 -0.9780381492237398
-1.599999999999999 -0.9763484558062898
-1.579999999999999 -0.9745470928835874
-1.559999999999999 -0.9726282159838917
-1.539999999999999 -0.9705857934410687
-1.519999999999999 -0.9684136091986721
-1.499999999999999 -0.9661052664029719
-1.479999999999999 -0.9636541918205356
-1.459999999999999 -0.9610536411141596
-1.439999999999999 -0.9582967050088061
-1.419999999999999 -0.9553763163767678
-1.399999999999999 -0.9522852582685152
-1.379999999999999 -0.9490161729126011
-1.359999999999999 -0.9455615717045983
-1.339999999999999 -0.9419138462013297
-1.319999999999999 -0.9380652801326299
-1.299999999999998 -0.9340080624385516
-1.279999999999998 -0.9297343013353214
-1.259999999999998 -0.9252360394084607
-1.239999999999998 -0.9205052697263488
-1.219999999999998 -0.9155339529621225
-1.199999999999998 -0.9103140355062121
-1.179999999999998 -0.9048374685460329
-1.159999999999998 -0.8990962280834038
-1.139999999999998 -0.8930823358541931
-1.119999999999998 -0.8867878811085178
-1.099999999999998 -0.8802050432035953
-1.079999999999998 -0.8733261149550847
-1.059999999999998 -0.8661435266865243
-1.039999999999998 -0.8586498709102859
-1.019999999999998 -0.8508379275673892
-0.9999999999999982 -0.8427006897475893
-0.9799999999999982 -0.8342313898054022
-0.9599999999999982 -0.8254235257822318
-0.9399999999999982 -0.8162708880395333
-0.9199999999999982 -0.8067675860030543
-0.8999999999999981 -0.796908074913667
-0.8799999999999981 -0.7866871824762005
-0.8599999999999981 -0.776100135294033
-0.8399999999999981 -0.7651425849740561
-0.8199999999999981 -0.7538106337840136
-0.799999999999998 -0.7421008597421906
-0.779999999999998 -0.7300103410179968
-0.759999999999998 -0.7175366795212085
-0.739999999999998 -0.7046780235575154
-0.719999999999998 -0.6914330894285813
-0.699999999999998 -0.6778011818561017
-0.6799999999999979 -0.6637822131113418
-0.6599999999999979 -0.6493767207343399
-0.6399999999999979 -0.6345858837304281
-0.6199999999999979 -0.6194115371358839
-0.5999999999999979 -0.6038561848494355
-0.5799999999999979 -0.5879230106319372
-0.5599999999999978 -0.5716158871828355
-0.5399999999999978 -0.554939383208998
-0.5199999999999978 -0.5378987684090731
-0.4999999999999978 -0.5205000163047451
-0.4799999999999978 -0.5027498048589988
-0.4599999999999977 -0.4846555148307845
-0.4399999999999977 -0.4662252258251955
-0.4199999999999977 -0.4474677100084286
-0.3999999999999977 -0.4283924234672821
-0.3799999999999977 -0.4090094952037359
-0.3599999999999977 -0.3893297137661617
-0.3399999999999976 -0.3693645115298836
-0.3199999999999976 -0.3491259466510463
-0.2999999999999976 -0.3286266827290096
-0.2799999999999976 -0.307879966223699
-0.2599999999999976 -0.2868996016853818
-0.2399999999999976 -0.265699924865207
-0.2199999999999976 -0.2442957737854137
-0.1999999999999976 -0.2227024578583133
-0.1799999999999976 -0.2009357251529498
-0.1599999999999976 -0.1790117279176244
-0.1399999999999976 -0.156946986475198
-0.1199999999999976 -0.1347583516161998
-0.09999999999999762 -0.1124629656221936
-0.07999999999999761 -0.09007822205854107
-0.05999999999999761 -0.06762172448163618
-0.03999999999999761 -0.04511124421073809
-0.01999999999999761 -0.02256467731880035
2.393918396847994e-15 1.00000319136484e-09
0.02000000000000239 0.02256467731880579
0.04000000000000239 0.04511124421074362
0.0600000000000024 0.06762172448164147
0.0800000000000024 0.09007822205854631
0.1000000000000024 0.1124629656221987
0.1200000000000024 0.134758351616205
0.1400000000000024 0.1569469864752032
0.1600000000000024 0.1790117279176299
0.1800000000000024 0.2009357251529552
0.2000000000000024 0.2227024578583186
0.2200000000000024 0.2442957737854191
0.2400000000000024 0.2656999248652122
0.2600000000000023 0.2868996016853868
0.2800000000000024 0.3078799662237041
0.3000000000000024 0.3286266827290144
0.3200000000000024 0.349125946651051
0.3400000000000024 0.3693645115298884
0.3600000000000024 0.3893297137661663
0.3800000000000024 0.4090094952037406
0.4000000000000025 0.4283924234672868
0.4200000000000025 0.447467710008433
0.4400000000000025 0.4662252258252
0.4600000000000025 0.4846555148307889
0.4800000000000025 0.5027498048590028
0.5000000000000026 0.5205000163047491
0.5200000000000026 0.5378987684090771
0.5400000000000026 0.554939383209002
0.5600000000000026 0.5716158871828394
0.5800000000000026 0.5879230106319411
0.6000000000000026 0.6038561848494393
0.6200000000000027 0.6194115371358876
0.6400000000000027 0.6345858837304316
0.6600000000000027 0.6493767207343434
0.6800000000000027 0.663782213111345
0.7000000000000027 0.6778011818561049
0.7200000000000027 0.6914330894285844
0.7400000000000028 0.7046780235575185
0.7600000000000028 0.7175366795212115
0.7800000000000028 0.7300103410179997
0.8000000000000028 0.7421008597421935
0.8200000000000028 0.7538106337840162
0.8400000000000029 0.7651425849740587
0.8600000000000029 0.7761001352940357
0.8800000000000029 0.786687182476203
0.9000000000000029 0.7969080749136693
0.9200000000000029 0.8067675860030566
0.9400000000000029 0.8162708880395355
0.960000000000003 0.8254235257822339
0.980000000000003 0.8342313898054042
1.000000000000003 0.8427006897475912
1.020000000000003 0.850837927567391
1.040000000000003 0.8586498709102877
1.060000000000003 0.8661435266865261
1.080000000000003 0.8733261149550863
1.100000000000003 0.8802050432035969
1.120000000000003 0.8867878811085194
1.140000000000003 0.8930823358541945
1.160000000000003 0.8990962280834052
1.180000000000003 0.9048374685460342
1.200000000000003 0.9103140355062134
1.220000000000003 0.9155339529621237
1.240000000000003 0.9205052697263499
1.260000000000003 0.9252360394084618
1.280000000000003 0.9297343013353224
1.300000000000003 0.9340080624385526
1.320000000000003 0.9380652801326308
1.340000000000003 0.9419138462013306
1.360000000000003 0.9455615717045991
1.380000000000003 0.9490161729126019
1.400000000000003 0.952285258268516
1.420000000000003 0.9553763163767685
1.440000000000003 0.9582967050088068
1.460000000000003 0.9610536411141603
1.480000000000003 0.9636541918205362
1.500000000000003 0.9661052664029723
1.520000000000003 0.9684136091986727
1.540000000000003 0.9705857934410691
1.560000000000003 0.9726282159838923
1.580000000000003 0.9745470928835879
1.600000000000003 0.9763484558062903
1.620000000000003 0.9780381492237401
1.640000000000003 0.9796218283610237
1.660000000000003 0.9811049578577812
1.680000000000003 0.9824928111035957
1.700000000000004 0.9837904702076066
1.720000000000004 0.9850028265619776
1.740000000000004 0.9861345819586892
1.760000000000004 0.9871902502191873
1.780000000000004 0.9881741592967017
1.800000000000004 0.9890904538115265
1.820000000000004 0.989943097980215
1.840000000000004 0.9907358789004709
1.860000000000004 0.9914724101544969
1.880000000000004 0.9921561356946694
1.900000000000004 0.9927903339766408
1.920000000000004 0.9933781223063014
1.940000000000004 0.9939224613684469
1.960000000000004 0.99442615990649
1.980000000000004 0.994891879524097
2.000000000000004 0.995322139581219
2.020000000000004 0.9957193221586091
2.040000000000004 0.9960856770665509
2.060000000000004 0.9964233268751677
2.080000000000004 0.9967342719453247
2.100000000000004 0.997020395440758
2.120000000000004 0.9972834683036711
2.140000000000004 0.9975251541776093
2.160000000000004 0.997747014262961
2.180000000000004 0.99795051209192
2.200000000000004 0.9981370182111882
2.220000000000004 0.9983078147620802
2.240000000000004 0.9984640999490197
2.260000000000004 0.9986069923886834
2.280000000000004 0.9987375353332459
2.300000000000004 0.998856700762316
2.320000000000004 0.9989653933392182
2.340000000000004 0.9990644542282742
2.360000000000004 0.9991546647706629
2.380000000000004 0.9992367500173053
2.400000000000004 0.9993113821180052
2.420000000000004 0.9993791835668124
2.440000000000004 0.9994407303042278
2.460000000000004 0.9994965546774746
2.480000000000004 0.9995471482605943
2.500000000000004 0.999592964536606
2.520000000000004 0.9996344214443871
2.540000000000004 0.9996719037933073
2.560000000000004 0.9997057655489615
2.580000000000004 0.999736331993617
2.600000000000004 0.9997639017652199
2.620000000000004 0.9997887487789822
2.640000000000004 0.9998111240357203
2.660000000000004 0.9998312573212198
2.680000000000004 0.9998493588009758
2.700000000000004 0.9998656205147041
2.720000000000004 0.9998802177750318
2.740000000000004 0.9998933104747689
2.760000000000004 0.99990504430713
2.780000000000004 0.9999155519032228
2.800000000000004 0.9999249538910548
2.820000000000004 0.9999333598802206
2.840000000000004 0.9999408693763372
2.860000000000004 0.9999475726291855
2.880000000000004 0.9999535514183966
2.900000000000004 0.9999588797803969
2.920000000000004 0.9999636246801925
2.940000000000004 0.999967846631437
2.960000000000004 0.9999716002680854
2.980000000000004 0.9999749348707967
