Random symmetric matrix A:
    0.994     0.865    -0.744     0.998    -0.528 
    0.865    -0.207    -0.224     0.339     0.871 
   -0.744    -0.224     0.693    -0.373    0.0491 
    0.998     0.339    -0.373    -0.113    -0.541 
   -0.528     0.871    0.0491    -0.541    0.0688 

V^T A V (should equal D):
    -1.42 -2.08e-17  5.68e-13 -2.37e-15 -4.16e-16 
-3.38e-17    -0.741 -8.91e-13 -1.37e-16  8.74e-17 
 5.68e-13 -8.91e-13     0.278  4.47e-17  6.55e-18 
-2.26e-15  -1.3e-16  5.63e-17     0.861 -1.22e-16 
-4.64e-16  2.24e-16  1.66e-17 -1.13e-16      2.45 

D:
    -1.42         0         0         0         0 
        0    -0.741         0         0         0 
        0         0     0.278         0         0 
        0         0         0     0.861         0 
        0         0         0         0      2.45 

V D V^T (should equal A):
    0.994     0.865    -0.744     0.998    -0.528 
    0.865    -0.207    -0.224     0.339     0.871 
   -0.744    -0.224     0.693    -0.373    0.0491 
    0.998     0.339    -0.373    -0.113    -0.541 
   -0.528     0.871    0.0491    -0.541    0.0688 

A:
    0.994     0.865    -0.744     0.998    -0.528 
    0.865    -0.207    -0.224     0.339     0.871 
   -0.744    -0.224     0.693    -0.373    0.0491 
    0.998     0.339    -0.373    -0.113    -0.541 
   -0.528     0.871    0.0491    -0.541    0.0688 

V^T V (should be identity):
        1  8.94e-17  -5.3e-17 -2.58e-16  2.61e-16 
 8.94e-17         1  3.19e-17    -7e-17 -4.01e-17 
 -5.3e-17  3.19e-17         1  6.29e-17  1.97e-16 
-2.58e-16    -7e-17  6.29e-17         1  -9.2e-17 
 2.61e-16 -4.01e-17  1.97e-16  -9.2e-17         1 

V V^T (should be identity):
        1   1.1e-16 -1.25e-16 -2.59e-16 -1.91e-16 
  1.1e-16         1 -1.27e-16   3.5e-17  4.03e-16 
-1.25e-16 -1.27e-16         1 -7.88e-17  3.29e-17 
-2.59e-16   3.5e-17 -7.88e-17         1 -1.16e-16 
-1.91e-16  4.03e-16  3.29e-17 -1.16e-16         1 

