0 3.04159 0
0.1 3.03911 -0.0497076
0.2 3.03161 -0.100639
0.3 3.01886 -0.155273
0.4 3.00035 -0.216197
0.5 2.97531 -0.286228
0.6 2.94269 -0.36852
0.7 2.90108 -0.466682
0.8 2.84869 -0.584872
0.9 2.78328 -0.72787
1 2.70211 -0.90106
1.1 2.60187 -1.11027
1.2 2.47866 -1.3613
1.3 2.32805 -1.6589
1.4 2.14526 -2.00496
1.5 1.92557 -2.3954
1.6 1.66516 -2.81598
1.7 1.36232 -3.23764
1.8 1.01911 -3.61446
1.9 0.642862 -3.88829
2 0.246767 -4.00344
2.1 -0.151403 -3.92725
2.2 -0.532419 -3.66434
2.3 -0.879325 -3.25359
2.4 -1.18006 -2.75037
2.5 -1.42807 -2.2067
2.6 -1.6213 -1.6596
2.7 -1.76056 -1.12906
2.8 -1.84789 -0.621436
2.9 -1.88553 -0.134381
3 -1.87523 0.338667
3.1 -1.81803 0.804865
3.2 -1.71433 1.26883
3.3 -1.56436 1.72956
3.4 -1.36884 2.17736
3.5 -1.13 2.59147
3.6 -0.85272 2.93999
3.7 -0.54547 3.18445
3.8 -0.22049 3.28963
3.9 0.107126 3.2357
4 0.421439 3.02621
4.1 0.70802 2.6867
4.2 0.955703 2.25492
4.3 1.15721 1.76898
4.4 1.30871 1.25912
4.5 1.4089 0.745021
4.6 1.45793 0.237239
4.7 1.45672 -0.259471
4.8 1.4065 -0.742304
4.9 1.30886 -1.20679
5 1.16605 -1.64376
5.1 0.981552 -2.0373
5.2 0.760791 -2.36475
5.3 0.511692 -2.59958
5.4 0.244786 -2.71741
5.5 -0.0273772 -2.70338
5.6 -0.291482 -2.55761
5.7 -0.535008 -2.29544
5.8 -0.747543 -1.94258
5.9 -0.921467 -1.52792
6 -1.05194 -1.07746
6.1 -1.13644 -0.611304
6.2 -1.17416 -0.143662
6.3 -1.16547 0.315245
6.4 -1.11169 0.756534
6.5 -1.01508 1.17005
6.6 -0.879049 1.54248
6.7 -0.70852 1.85684
6.8 -0.510262 2.0938
6.9 -0.292955 2.23508
7 -0.0668689 2.26798
7.1 0.156907 2.18925
7.2 0.367503 2.0065
7.3 0.555286 1.73627
7.4 0.712555 1.39998
7.5 0.833813 1.01954
7.6 0.915645 0.614422
7.7 0.956412 0.200634
7.8 0.955921 -0.208718
7.9 0.915205 -0.601948
8 0.836463 -0.967175
8.1 0.723142 -1.29118
8.2 0.580089 -1.55929
8.3 0.413651 -1.75646
8.4 0.2316 -1.86971
8.5 0.0427874 -1.89087
8.6 -0.14346 -1.81889
8.7 -0.318098 -1.66036
8.8 -0.473076 -1.42824
8.9 -0.601849 -1.13921
9 -0.699611 -0.810923
9.1 -0.763281 -0.460001
9.2 -0.791352 -0.101246
9.3 -0.783709 0.252186
9.4 -0.741501 0.588023
9.5 -0.667097 0.894068
9.6 -0.564098 1.15781
9.7 -0.437362 1.36676
9.8 -0.292952 1.50961
9.9 -0.137931 1.57791
10 0.0200111 1.56782
